function dxout = state_eq(in1,in2)
%STATE_EQ
%    DXOUT = STATE_EQ(IN1,IN2)

%    This function was generated by the Symbolic Math Toolbox version 23.2.
%    2024/07/14 04:07:46

x_temp1 = in1(1,:);
x_temp2 = in1(2,:);
x_temp3 = in1(3,:);
x_temp4 = in1(4,:);
et1 = x_temp1.*(-1.777230184374639e+4);
et2 = x_temp2.*(-4.246073112023532e+3);
et3 = x_temp3.*(-2.042909080161568e+2);
et4 = x_temp4.*(-3.020086098700345e+2);
et5 = x_temp1.*1.484342455423401e+5;
et6 = x_temp2.*3.542813202226364e+4;
et7 = x_temp3.*1.704550314889729e+3;
et8 = x_temp4.*2.519881457537323e+3;
dxout = [x_temp2;et1+et2+et3+et4;x_temp4;et5+et6+et7+et8];
end
